MST Reconstruction Statistics
==================================================

MST Edges: 338
MST Nodes: 359
Trees in Forest: 21
Connected Components: 21

Connections Kept: 338
Connections Removed: 1592

Tree Details:
--------------------------------------------------
Tree 0: 120 components
  Components: [5, 7, 9, 10, 12, 14, 15, 17, 18, 19, 21, 23, 24, 25, 26, 27, 28, 29, 31, 32, 33, 34, 35, 36, 37, 38, 39, 40, 41, 42, 43, 44, 46, 47, 48, 49, 50, 51, 55, 57, 58, 59, 61, 62, 65, 66, 67, 69, 70, 71, 72, 73, 74, 76, 77, 78, 80, 82, 85, 86, 88, 89, 90, 91, 93, 94, 95, 96, 97, 98, 100, 101, 102, 104, 105, 106, 108, 109, 111, 117, 119, 121, 125, 126, 127, 128, 130, 132, 134, 136, 137, 138, 139, 140, 141, 143, 145, 146, 148, 150, 151, 154, 155, 158, 159, 160, 163, 165, 167, 171, 173, 179, 183, 184, 187, 196, 197, 199, 210, 213]
Tree 1: 4 components
  Components: [52, 53, 54, 56]
Tree 2: 15 components
  Components: [83, 84, 92, 103, 114, 120, 123, 129, 131, 135, 147, 149, 164, 195, 206]
Tree 3: 5 components
  Components: [115, 157, 168, 175, 181]
Tree 4: 21 components
  Components: [122, 124, 133, 142, 144, 152, 169, 177, 182, 188, 190, 193, 200, 202, 207, 209, 214, 215, 220, 221, 229]
Tree 5: 5 components
  Components: [153, 162, 166, 172, 178]
Tree 6: 11 components
  Components: [186, 194, 201, 203, 204, 212, 216, 224, 236, 247, 260]
Tree 7: 19 components
  Components: [192, 198, 208, 211, 219, 228, 241, 277, 280, 281, 282, 284, 287, 288, 289, 290, 291, 294, 295]
Tree 8: 3 components
  Components: [218, 225, 230]
Tree 9: 11 components
  Components: [222, 226, 227, 231, 232, 234, 237, 238, 244, 245, 248]
Tree 10: 3 components
  Components: [239, 242, 243]
Tree 11: 11 components
  Components: [240, 246, 249, 250, 251, 255, 256, 258, 259, 262, 266]
Tree 12: 2 components
  Components: [254, 267]
Tree 13: 5 components
  Components: [268, 269, 270, 271, 274]
Tree 14: 4 components
  Components: [273, 275, 276, 278]
Tree 15: 2 components
  Components: [298, 299]
Tree 16: 48 components
  Components: [300, 302, 303, 309, 312, 314, 316, 320, 325, 328, 337, 343, 372, 373, 379, 380, 384, 386, 388, 389, 391, 392, 395, 398, 400, 401, 402, 403, 404, 405, 412, 414, 416, 417, 419, 420, 421, 423, 424, 425, 426, 427, 428, 429, 430, 431, 432, 433]
Tree 17: 32 components
  Components: [304, 305, 307, 308, 310, 311, 313, 317, 318, 319, 321, 322, 324, 326, 327, 329, 330, 332, 333, 335, 336, 338, 339, 340, 341, 346, 347, 356, 358, 364, 365, 368]
Tree 18: 5 components
  Components: [344, 345, 348, 349, 351]
Tree 19: 27 components
  Components: [352, 353, 354, 355, 359, 361, 362, 363, 366, 367, 369, 370, 371, 374, 375, 376, 377, 378, 381, 385, 387, 390, 394, 397, 399, 415, 422]
Tree 20: 6 components
  Components: [406, 407, 408, 409, 410, 418]
